[gd_scene load_steps=5 format=2]

[ext_resource path="res://src/Items/HuntingRifle/HuntingRifle.gd" type="Script" id=2]
[ext_resource path="res://src/Items/HuntingRifle/material_wood.tres" type="Material" id=3]
[ext_resource path="res://src/Items/HuntingRifle/material_metal.tres" type="Material" id=5]

[sub_resource type="BoxShape" id=1]
extents = Vector3( 0.0291551, 0.120722, 0.605466 )

[node name="HuntingRifle" type="RigidBody" groups=["item"]]
collision_layer = 2
collision_mask = 7
mass = 0.714286
script = ExtResource( 2 )

[node name="CollisionShape" type="CollisionShape" parent="."]
transform = Transform( 1, 0, 0, 0, 1, 0, 0, 0, 1, -0.0110843, -0.0137678, 0.002195 )
shape = SubResource( 1 )

[node name="CSGCombiner" type="CSGCombiner" parent="."]

[node name="Barrel" type="CSGCylinder" parent="CSGCombiner"]
transform = Transform( 1, 0, 0, 0, -4.37114e-08, -1, 0, 1, -4.37114e-08, 0, 0.0602532, -0.197542 )
radius = 0.01
height = 0.8
material = ExtResource( 5 )

[node name="Receiver" type="CSGBox" parent="CSGCombiner"]
transform = Transform( 1, 0, 0, 0, 1, 0, 0, 0, 1, 0, 0.0437609, 0.117 )
width = 0.05
height = 0.0988662
depth = 0.181747
material = ExtResource( 5 )

[node name="HardGuard" type="CSGBox" parent="CSGCombiner"]
transform = Transform( 1, 0, 0, 0, 1, 0, 0, 0, 1, 0, 0.0338649, -0.0050633 )
width = 0.05
height = 0.05
depth = 0.503352
material = ExtResource( 3 )

[node name="Handle" type="CSGBox" parent="CSGCombiner"]
transform = Transform( 1, 0, 0, 0, 0.644617, 0.764505, 0, -0.764505, 0.644617, 0, -0.0113967, 0.284991 )
width = 0.05
height = 0.15
depth = 0.05
material = ExtResource( 3 )

[node name="HandleBack" type="CSGBox" parent="CSGCombiner"]
transform = Transform( 1, 0, 0, 0, -0.571616, 0.820521, 0, -0.820521, -0.571616, 0, -0.00651124, 0.319188 )
width = 0.05
height = 0.082
depth = 0.05
material = ExtResource( 3 )

[node name="StockTop" type="CSGBox" parent="CSGCombiner"]
transform = Transform( 1, 0, 0, 0, 1, 0, 0, 0, 1, 0, -0.00531261, 0.467583 )
width = 0.05
height = 0.083
depth = 0.264
material = ExtResource( 3 )

[node name="StockBottom" type="CSGBox" parent="CSGCombiner"]
transform = Transform( 1, 0, 0, 0, 0.9417, -0.336454, 0, 0.336454, 0.9417, 0, -0.0747628, 0.453506 )
width = 0.05
height = 0.04
depth = 0.264
material = ExtResource( 3 )

[node name="StockButt" type="CSGBox" parent="CSGCombiner"]
transform = Transform( 1, 0, 0, 0, 0.0807904, 0.996731, 0, -0.996731, 0.0807904, 0, -0.0518878, 0.57521 )
width = 0.05
height = 0.04
depth = 0.144
material = ExtResource( 3 )

[node name="StockBody" type="CSGBox" parent="CSGCombiner"]
transform = Transform( 1, 0, 0, 0, 0.980406, -0.19699, 0, 0.19699, 0.980406, 0, -0.0329965, 0.467583 )
width = 0.05
height = 0.073
depth = 0.207
material = ExtResource( 3 )

[node name="BulletStartPosition" type="Spatial" parent="."]
transform = Transform( 1, 0, 0, 0, 1, 0, 0, 0, 1, 0, 0.0601636, 0.0381525 )
